              precision    recall  f1-score   support

           1       0.85      0.92      0.88        36
           2       0.83      0.83      0.83        41
           3       0.87      0.85      0.86        61
           4       0.96      0.97      0.96        96
           5       0.96      0.94      0.95       113
           6       0.89      0.89      0.89        47
           7       0.96      0.97      0.97       102
           8       0.97      0.96      0.96        95
           9       0.99      1.00      0.99        95
           A       1.00      0.99      0.99       209
           B       0.98      0.99      0.98       157
           C       0.96      0.99      0.98       166
           D       0.99      0.98      0.99       199
           E       0.98      0.98      0.98       192
           F       0.98      0.98      0.98       111
           G       0.99      0.98      0.98        96
           H       0.89      0.97      0.93       199
           I       0.95      0.98      0.97       184
           J       0.97      0.98      0.98       158
           K       0.97      0.97      0.97       200
           L       0.99      0.96      0.97       168
           M       0.98      0.88      0.92       200
           N       0.97      0.94      0.95       213
           O       0.98      0.99      0.98       162
           P       0.98      0.99      0.98       144
           Q       0.99      0.99      0.99       179
           R       0.96      0.98      0.97       204
           S       0.98      1.00      0.99       201
           T       1.00      1.00      1.00       211
           U       0.98      0.98      0.98       199
           V       0.98      0.99      0.98       205
           W       0.98      0.98      0.98       199
           X       0.99      0.96      0.97       212
           Y       1.00      0.99      1.00       207
           Z       0.99      0.99      0.99       188

    accuracy                           0.97      5449
   macro avg       0.96      0.96      0.96      5449
weighted avg       0.97      0.97      0.97      5449
